,700015181c,700171066,700116358c,700105153,700038594c,700038806c,700038386,700038702,700161945,700105991,700037453c,700165148,700038956,700016542c,700165778,700015702,700106325c,700016716c,700106229c,700097291
700015181c,0.0008599790106273107,0.005141734216868825,0.007089810230260594,0.008412637174047518,0.007292716472051178,0.005357945379026196,0.00694132009613483,0.006838840843041956,0.006324309821336522,0.006856959497238415,0.0071896119134811235,0.005066467312383439,0.007733433223528613,0.00692536346838151,0.005225770501363945,0.028996641488328586,0.0019342040196515969,0.006845349151706564,0.0052305005886559884,0.005274663514752179
700171066,0.005405283696770368,0.0005077264667098412,0.007058053193515107,0.005817814407532458,0.007419027111242589,0.004741577637631455,0.006390961699868253,0.004888353153837892,0.006378456934476565,0.006957586006230149,0.007002150892368929,0.0008573015318151574,0.0079465743239079,0.0069458621173008675,0.005323623176082944,0.029586191966069982,0.006154960864299606,0.0067398906301083744,0.005592702642563596,0.005330861656696989
700116358c,0.007250553387098287,0.006852913495230657,0.001989590666613589,0.009934716069000949,0.00830200322010102,0.007122477670737527,0.008029114975025151,0.008412126700403916,0.007144510952765063,0.00814433920662676,0.007903576639531602,0.006763649921231716,0.00923112608951988,0.007618531506335705,0.006029652160828396,0.02975063885322855,0.0080000711561234,0.0082031591700312,0.007055312112261587,0.006243325067617329
700105153,0.008277381156462692,0.005447650283677064,0.009564950590112342,0.0056693343037752635,0.0100181735816215,0.0071602503498527596,0.009122597598703498,0.006801876955111415,0.009002274993083778,0.009577393420170822,0.009753482687398228,0.005372546708996155,0.010345793605132865,0.009778889231863423,0.008127400749529754,0.031635805894781266,0.008929106236642396,0.009392907370637422,0.007817090556316788,0.00803381241937697
700038594c,0.007626758105512025,0.0073531653919005876,0.008475785265860887,0.010642103372536944,0.002538577941064907,0.007576268040137114,0.007932637288633266,0.008749173597094748,0.002673350630659899,0.008328606608232477,0.008040409629559415,0.007261299378852394,0.008833215355323863,0.007929165826546852,0.00726862083518055,0.030530635242948682,0.008527477214117342,0.008368708988623413,0.007432534506387269,0.007423529963381179
700038806c,0.005918019454990751,0.0049711487718337565,0.007691301161439866,0.008021687411827764,0.008017148710545695,0.0015825012920034315,0.0071135456221572855,0.0066790732346438475,0.006989575853665903,0.007491178601713447,0.007703084697698105,0.00490750470459439,0.008395747420530564,0.007602442835443903,0.005994990383606456,0.030122785102019267,0.0068364061778855715,0.007362702735537179,0.006259262818366682,0.0059846848706534535
700038386,0.006933908627439665,0.006095451723827458,0.007859115313648508,0.009256351415870985,0.007534102571464231,0.006423818310874911,0.000882805769374023,0.007700295753337898,0.006376616226916018,0.00751886614958538,0.007007484379373541,0.006019306671569016,0.008507861034676788,0.006874311756335568,0.006056980395644463,0.029313853982419955,0.007604349614925787,0.007507108733881424,0.005888543595318036,0.00639882783233355
700038702,0.006869788325550597,0.004659828976952402,0.00826023338578484,0.006935546568682824,0.008410119473700697,0.0060739597523085795,0.0077634610103709985,0.0033109226538605018,0.0074012134696568735,0.008045638758665763,0.00864107048795525,0.004599710310646533,0.00898637094267218,0.00831381511072552,0.006742102058525036,0.030611930055594337,0.00772199195267935,0.008040786202607227,0.006731095984445849,0.006751347918194133
700161945,0.006733860936265284,0.0064348823246088175,0.007426626943289987,0.009734156880853957,0.002721392924074052,0.006722793809100065,0.006837069471058985,0.007836468388743058,0.0006710986186193942,0.007436464942422505,0.007043447036888219,0.006370009926222666,0.008038227346899069,0.006924001642850941,0.006396670370777457,0.02954426140082458,0.0077165974246542045,0.007501365450027488,0.006689926616517702,0.006473225209822767
700105991,0.00699877689879106,0.006749460531253761,0.008134556817057454,0.009928171218428927,0.008137724230166921,0.006922468045397426,0.007686303388464612,0.00817893442681253,0.007138155864688581,0.0027548761256824487,0.008379968964166486,0.0065871805882328546,0.008440214710885326,0.008099297741950659,0.006512598533767942,0.030030658710445482,0.007861149731114327,0.007794830111988227,0.006866910488938121,0.0066133752990629215
700037453c,0.007117885703631918,0.006617744387787238,0.007659172305724865,0.009828475672692042,0.007601246086914466,0.006918769028179293,0.006979679559093107,0.008527299100432064,0.0065351686831413465,0.008140067705909767,0.0011061552010248575,0.0065085605604725035,0.008972039836547983,0.006806339821543406,0.006672831739821431,0.029173305379349774,0.008045923435972751,0.008105438297611116,0.0067293050104452025,0.006735347222746496
700165148,0.005435682317876185,0.0008696797401000996,0.007086826468935527,0.005852333368038336,0.0074484076285855965,0.004752622804536936,0.00649026366481497,0.004909194652444973,0.006417860529767572,0.006913110612652965,0.007069818248393727,0.0007004039175257727,0.00782214498001737,0.006990629439984395,0.00533994069009514,0.029681623199225817,0.006192469851535165,0.006825598307569025,0.005530445040718704,0.005346301875437001
700038956,0.008028625200087276,0.00781757223692796,0.009359146218285996,0.010899939254970684,0.008771587675585566,0.007872726562766805,0.008883732803780964,0.00927974550037251,0.007832784684332105,0.008566847140515298,0.009412885646005387,0.0075673065781151705,0.00528832643022251,0.009046127249246336,0.007730780289918793,0.0311513208358404,0.008986862479572016,0.008809901100307934,0.00784919501483438,0.007906080589117601
700016542c,0.006947820605231864,0.006623180058338914,0.00748231086815513,0.009984113908025106,0.007613738853270891,0.006911574440356583,0.006942402063749167,0.00831061813992124,0.00652848931617956,0.00796333660782595,0.006905740770838635,0.006537779765119211,0.008749563970331648,0.0007618209198799831,0.0067191899951495795,0.028998535878764324,0.008020677547661928,0.007884280505333347,0.006819209150845685,0.006708747417067978
700165778,0.005296497834364099,0.005129216277736109,0.005982225831044722,0.008357104956552158,0.007064263350757665,0.005510126600635858,0.00614690651193509,0.006807198659239386,0.0061082534935488365,0.006467812460523532,0.006811251635241336,0.005067038594448661,0.007570149420350463,0.00678672099624946,0.0004947046205585809,0.02912822209857392,0.006176191904257071,0.006506465707126799,0.005330384462333088,0.0025917288046425906
700015702,0.031897041711623844,0.03084053117171678,0.031998428745823905,0.03529941245025541,0.03216279533393067,0.029964107206635688,0.03218086210445585,0.033530100392342284,0.0305622527676452,0.032380468151150775,0.032297563406423806,0.030477360763550763,0.0330862726708914,0.0317667802320793,0.03158432665060785,0.0016226703879402493,0.032760744249214914,0.031163511270564763,0.02929872955791768,0.03231988308837425
700106325c,0.0019068304803338688,0.0057930541493170975,0.007732054554691389,0.008978250076219914,0.008035511168915068,0.0061220347415348614,0.007533453203416373,0.00759532937888261,0.0071441639835532955,0.0076068466376816935,0.008022095638309884,0.005692260994813462,0.008536952742381759,0.00788462109141899,0.006026348907340089,0.02948067701054071,0.002297319621048154,0.007716779816004165,0.005922736566545227,0.005975380717309215
700016716c,0.007437606274129577,0.006958435135099442,0.00872718297944604,0.01036636247093262,0.008719108370578817,0.007248077425881271,0.008160788148449961,0.008705936714127874,0.007678473279253148,0.008305223998650276,0.008870984992330973,0.006931936991613368,0.009252053665967094,0.008539256681689618,0.006974225446282296,0.030859451715463056,0.00847231117922069,0.003319137131192007,0.007325964827093752,0.007177824472573056
700106229c,0.005896801387120741,0.005994139325609798,0.007784017838199773,0.008940282849065817,0.008041220229057067,0.0064056701785682605,0.006651754139153767,0.007560837321327824,0.007117359978145017,0.007586505470771536,0.007646261463513012,0.005841088671072253,0.008556075195149953,0.007667425246050573,0.0059288496046376715,0.03006459925461772,0.0067519729303591475,0.0076127760010617565,0.002059690286630802,0.006018443724116834
700097291,0.0052573145065658786,0.00505194461227617,0.006090062539462536,0.008123303877511989,0.007087549764749091,0.005407576377796342,0.006370607634858404,0.006704192262591165,0.006072577948472122,0.006465324541243501,0.006759758275187244,0.00497874893976862,0.0076090590911456315,0.006666651201485085,0.002549322188200287,0.029333979294097732,0.00603352417730972,0.006590478875425007,0.005324262129982999,0.0004122402680015048
