,700172621,700103558,700024673,700023188,700098932,700106412,700014954,700099886,700114218,700037649,700015415,700109449,700100022,700014498,700016210,700114911,700161743,700106198,700116865,700024437,700038956,700034166,700024318
700172621,0.00060998157457012,0.035281109643585516,0.01973405599976564,0.036569047888635686,0.03522212113001613,0.03580357325253845,0.030246689069019114,0.0358144568016802,0.0308218567586197,0.02175018525361815,0.03329831823845223,0.03551785312909403,0.022205242362029615,0.033168192772057216,0.034090771690176165,0.03570533335344025,0.02042312443949645,0.0345203108822083,0.0360499195529402,0.020948891345102846,0.034132709539610964,0.03617478676143622,0.035762859321062865
700103558,0.03446806112622585,0.003018570028523207,0.038060026105169086,0.0249646621317706,0.021945871141901715,0.00399854174040395,0.018255309659990192,0.02514369012595545,0.0039815189835849,0.03855726921462005,0.02416662964045464,0.017740702939638708,0.03327897682255999,0.019678649023389123,0.01451694062464882,0.017799377566870944,0.03487268488185357,0.022657935728375697,0.026071134305869388,0.035478932927132334,0.023499926038468653,0.018045819641231708,0.01768495077361889
700024673,0.017263674776217316,0.03404757520741608,0.00098205256901452,0.03451103042911513,0.03341684369730767,0.034637803506836665,0.028606508372543932,0.03482215429378372,0.030009313702639238,0.007910265585694572,0.03178127046876099,0.03346993726020802,0.022360243292427896,0.031797614404500484,0.0323382919313504,0.03343537743770186,0.005889827376921199,0.03324801478770638,0.03477269969774364,0.008354239836370717,0.031933256725419384,0.034247612948382404,0.033776466493147736
700023188,0.03545608051384929,0.024765573328834545,0.03836444724007049,0.004877019209793883,0.011992731300292834,0.025553031465893716,0.02466649486118592,0.02612410932557573,0.025772385790024017,0.03886886561799842,0.026372290938556274,0.023628004914859183,0.03417223802077698,0.02425335629042637,0.024103862576790328,0.02376744608466344,0.035727108200849365,0.013149330855375755,0.027564303223592684,0.03593611296230067,0.02730682162531985,0.02348141259789586,0.023829637524156358
700098932,0.0347061185589849,0.022130648895027742,0.03768660336895601,0.012186855385872806,0.0003038626371304888,0.02290862547330342,0.021955795964850637,0.024190875729205898,0.023060080829144475,0.03808499837742842,0.024631805912521124,0.021144193305296672,0.03313671666346979,0.022214636241857925,0.021811236832909357,0.021181100614890414,0.03504275934840189,0.010650966629729568,0.025904457622767642,0.03536170286707723,0.025317105462206925,0.02118008692637444,0.02162106526880649
700106412,0.03489831176520867,0.0039750656961703035,0.0386361276691537,0.025692979035132072,0.02266413090224388,0.004698240895086437,0.01905367220926834,0.02591312184809387,0.005105448226201318,0.03908761923831265,0.024840019220358417,0.01848762630281691,0.033927956039653706,0.020386093562955596,0.015278556027168455,0.01850667152468613,0.03532558373077311,0.02344884401975689,0.026803575391179574,0.03596249172481765,0.024182638259567672,0.018705918872756837,0.018416457188092348
700014954,0.02707628808485806,0.016609144857708306,0.02932763126427748,0.02257524164363627,0.019821340887799188,0.017374067786503654,0.002071358273523266,0.022954009965686282,0.017130543375345204,0.03059426706785547,0.021146398639381985,0.01081402255336134,0.026928652894010013,0.015370280063254057,0.01497955705037784,0.009084537269687734,0.027374242871582924,0.02106181770335009,0.02419719116855952,0.027810517644185483,0.018994811776282268,0.013453995767218684,0.011549283783455329
700099886,0.03546418521793416,0.02547648980586717,0.03944404883943637,0.02668235203539881,0.024305988279637824,0.02632491257027196,0.02550668909487025,0.0003738893648524568,0.026428013057450902,0.039416670244890005,0.02485653268668321,0.025095581860903483,0.033781291904780485,0.02475548559722103,0.02484761831532175,0.025082240869055233,0.03621287493271042,0.02471473140954017,0.025404940027157517,0.03651883103522577,0.026905368589087663,0.02488001496234541,0.02504061093913466
700114218,0.027645173159949358,0.003606206375985072,0.030843778478182093,0.023609403055140508,0.0208452220112667,0.004634563072519751,0.017151796061203758,0.02387987348333536,0.004355321035306932,0.031915266610158165,0.022549847797745246,0.01670702368345166,0.02788122025642216,0.017860061626632034,0.014084740734733855,0.016737307371551727,0.02855451110115304,0.021547977968556318,0.02411158436004889,0.02908385477930679,0.021668000175601238,0.017115189518672243,0.016319652176919663
700037649,0.0200673965263504,0.03644430424566717,0.00837749038283103,0.036992847874229316,0.03570449795211472,0.03702565551882229,0.03161488047889887,0.03680157515807676,0.03289665833777651,0.003884465811929806,0.03365452423375732,0.035868600940777894,0.02535860273990548,0.034281756995990474,0.03427474177767252,0.035973749167181886,0.0072123175338423395,0.035394352167353524,0.036879743092066736,0.009910363560186876,0.03423604141375214,0.03642050641965465,0.035724481985685064
700015415,0.032154339959381065,0.023892196460554398,0.03518327048696649,0.026265375326287647,0.02413672121863106,0.024616704490520558,0.022980677750033155,0.02424461801244668,0.02447504785197353,0.03518660643294461,0.0009586300251404507,0.02249064308967284,0.031548097705595524,0.022382953078865685,0.022930730409169608,0.022824172525346697,0.0318375269927463,0.024670841248420363,0.023735831030425952,0.032343302328678984,0.017958792652496326,0.022580690203879983,0.02226126504626597
700109449,0.035058521404022484,0.01794332320864524,0.037832851549175914,0.02406614413595969,0.02119731615818288,0.018740452038035336,0.0120027696413953,0.025006031738353137,0.018520240610638745,0.03834928344307517,0.0229924853270914,0.0006372614889201444,0.03316193021559945,0.016987571643283534,0.016208123849472858,0.01169752440994587,0.03500555449202652,0.02245643416342256,0.02584699134142689,0.034977823546251695,0.01983456078249037,0.014785605367910909,0.009795458061987035
700100022,0.019689454779936204,0.0300935650426208,0.022741806132631468,0.03113027410583688,0.02972460424875025,0.030755301738601894,0.02672899750423121,0.03014058569157698,0.027629067261781742,0.02434404961772452,0.02884849642685217,0.02966811160712925,0.012458447702942329,0.02820556764017515,0.028997454618363217,0.02983244588444715,0.022136738849263038,0.029704876883864063,0.030972090687133382,0.02266705192346173,0.029563301411010368,0.029783363635978107,0.029658602301804088
700014498,0.032127552919905725,0.019538964322819943,0.03526596937097783,0.024265978188199387,0.02185434748706007,0.020293739586935405,0.01680614547629643,0.024227398672412158,0.019512161959213983,0.035978953236704185,0.022486469929779717,0.016669539433033686,0.030961470848208238,0.0057512561723013144,0.018253846958603968,0.01709574117525555,0.032426413881252385,0.02258057713061589,0.024368999303471882,0.032779996452268687,0.02183541997079004,0.017203291520553592,0.016837864360815673
700016210,0.032790691178397474,0.014294188281521824,0.03563757956570972,0.02391862640011997,0.02129965047982258,0.015082835984756685,0.01622145801067926,0.02414870907251505,0.015263566384490081,0.03570229104354673,0.022839091634368758,0.015788086699397786,0.03156512168515114,0.01809739240972022,0.0014543168169124984,0.01594732397318628,0.03312489467722709,0.02222179706580733,0.025203758355249264,0.03300186011312283,0.021790579596422745,0.015388383292303557,0.016094651048494318
700114911,0.035475241205300496,0.01811456717525816,0.037981667417286036,0.024338628873145945,0.02134596885698719,0.018869829388010576,0.010107294369547508,0.025163861128506642,0.01862708805348209,0.03866337263603385,0.023460762611265208,0.011776227091926434,0.033538675654867685,0.017533444086094568,0.016465894335565768,0.0004740949680469914,0.03519953047295514,0.02272951755256487,0.026358899419938943,0.03512992050268098,0.021295407759529237,0.014918949058424344,0.012091320467823585
700161743,0.02012305548848017,0.03525824731044419,0.00665967156935038,0.03639043913917118,0.03514068764163809,0.035798533207455414,0.03024218955277845,0.036123681364684385,0.03148504589543021,0.007726415411075091,0.03259220002951868,0.035002797998439965,0.024658142042266143,0.033050756712485266,0.03399560498761408,0.03499533004196912,0.002407172369727247,0.034522812524547315,0.03617750415626216,0.009026844944126413,0.03355851571139648,0.03556160604248164,0.035109394878743753
700106198,0.033074415624615314,0.02216742193036304,0.036562686939040495,0.012977300250727814,0.010343215706123166,0.02300303425207418,0.02269849239826708,0.023882596300594118,0.02320521385008608,0.03673899145828522,0.024442013103740032,0.021744011985035703,0.032212839338103524,0.022271866311724637,0.022092007674210858,0.02190362240498485,0.03347790372232756,0.001903853563672225,0.02563701336774523,0.03424276444115399,0.025495452051875003,0.02175647244796201,0.02180695323141709
700116865,0.03542533447985406,0.0262187428648039,0.039108792165848234,0.02793580542000193,0.025843784591796936,0.027023801352165682,0.026712156159018386,0.025220814866980117,0.026614262792865887,0.03923106806511871,0.02415246360910081,0.02571652154911404,0.03444743965106278,0.024706248596930096,0.025750597319019568,0.02607877740551484,0.036009070208779165,0.026333081677330682,0.0007919303463897242,0.035761379540017374,0.02634619611376938,0.025639429652864025,0.02540954213055738
700024437,0.02041258989872231,0.03550266343200694,0.009339342400951387,0.03621594322201936,0.0350897885840278,0.03606722752141636,0.030361218750208776,0.036038471722386285,0.03173806509596255,0.010463519800669818,0.0327640919318239,0.03462476620697685,0.0249723971852216,0.03305063720082537,0.03351564130243948,0.034583590075493574,0.008899121875124757,0.03493893772550513,0.03553931489000856,0.0013293488336809927,0.03285106107577146,0.03546172196805849,0.03410679487591205
700038956,0.03288692117403658,0.023217381050531817,0.035275236394627575,0.027182274609781388,0.02479859575777209,0.023949361311044085,0.020636096938142168,0.0261993876913342,0.023518298181211955,0.03571299054942615,0.017975085934221684,0.01942959083543377,0.03225647824780626,0.021736626975289733,0.02186919469002192,0.020721239442212443,0.032748953986156897,0.02573397921369904,0.025869667265131874,0.032416247687218604,0.007427219630431276,0.021644465493685424,0.019664764681599202
700034166,0.03595831675832155,0.01833710086318291,0.038913419750181436,0.024054580453522552,0.021355049329068402,0.01906983299918239,0.014983382705209145,0.024957236473656528,0.01904357601752536,0.03916413714959492,0.023212865793281537,0.014885207715109594,0.03348880279315454,0.017649238025051268,0.0158875900871348,0.014922913159854412,0.035778385629353884,0.022586452681802236,0.025923455568420545,0.03603597048697793,0.0222652505491096,0.0005894135688170303,0.015542739062691597
700024318,0.03533275005137247,0.017906188627110572,0.0381958606946032,0.02430018132618241,0.02169160928606251,0.018686726282675384,0.012751279958268628,0.0249879193083735,0.01809537484847968,0.03816989527786193,0.022788086311286915,0.009815409397219277,0.03318794745281317,0.017175589912073838,0.0165234403439637,0.012029190772110869,0.035127342812184964,0.02254285762314375,0.025542295657588164,0.0344888898685729,0.02011032760708246,0.01545820419640124,0.0003959943823867628
