,700024930,700097482,700116611c,700015250c,700111505,700014724,700164159c,700038870c,700113867
700024930,0.0006968400047040119,0.009349034211140986,0.009112159402468314,0.011168451023527384,0.010008262031886707,0.010299028653432624,0.009373161424231977,0.010469584700236659,0.00971310542607173
700097482,0.008276464693625888,0.0015126476275416926,0.00871130379412292,0.010819908179357636,0.00989540143551633,0.010177531944313195,0.009300541988518306,0.010403907551403352,0.009638637435081213
700116611c,0.009083962486203809,0.009824050707816494,0.002141269244643726,0.010818891011024756,0.010742750326608982,0.011119308710180908,0.009989429044473424,0.011568958232264885,0.003374644262314569
700015250c,0.009915026646784984,0.010625363468783264,0.009412950720305815,0.003134173613335088,0.01120613452634454,0.010690188570565624,0.009997138876297256,0.012026441247943777,0.010123858565783244
700111505,0.008860553789406143,0.009894172662785677,0.00952754439349278,0.011431611342627044,0.002750657545734167,0.01052708634707513,0.009741204398290322,0.011441727314792836,0.010256305047949063
700014724,0.00911322528706215,0.010177107261502422,0.009874800270173015,0.010954984982549643,0.010533433923186529,0.0023513592712032577,0.009893113860845048,0.011279224011038886,0.010555634613192744
700164159c,0.008520689013782628,0.00957485534862302,0.00911052006767348,0.010495993673219515,0.010029332975910837,0.010164863172736795,0.001586427346423225,0.010795160534504905,0.009739977166060416
700038870c,0.009116914114281009,0.010251556889622536,0.010151192667127608,0.012111636611565007,0.011246572885793343,0.011058957405626502,0.010308554188574376,0.002140914232267082,0.010243160409937686
700113867,0.009129317960921651,0.010247943569292423,0.003183309468043109,0.010997830078944565,0.01092461145732794,0.011206911665432364,0.010071682631400064,0.011133402183051744,0.002647157670339534
