,700024233,700102299,700105153,700015250c,700035861,700122408,700172726c,700114218,700024086c,700015415,700096380,700098561,700161945,700105613,700014724,700110812,700095486,700033665,700023113,700106170,700024789,700099059,700105580c,700171441,700100540c,700013715,700024234
700024233,0.0015440384981107954,0.010996396361842487,0.01054088112177799,0.008636253522453697,0.008773590808775595,0.009149325136524894,0.00882306001978347,0.009093263890869388,0.008456889363644715,0.009138692238521326,0.009334835597807765,0.008986520268956777,0.007565651990708516,0.010155728300009777,0.009116631167567371,0.007466888536463522,0.013804990341022588,0.00839139515580637,0.008079381546399159,0.007761035043097039,0.010127409296766794,0.00916306995923116,0.00967312180404536,0.007692945688255467,0.008664992022024724,0.009881452713687806,0.01123546962941384
700102299,0.01101510271872846,0.005100151705527982,0.012617524930510526,0.011041035853221722,0.01062160983869813,0.011343485799086114,0.011003891698010113,0.011640459908628423,0.010794712019448871,0.011635061861979587,0.00696021845755711,0.011103669976695851,0.010115084203431155,0.012276256207252744,0.011368941042297872,0.010021537481099291,0.015397531904789596,0.010401798612616234,0.010881503247403859,0.01096839668179476,0.012096074029782964,0.010887528001599102,0.011322181524094777,0.010252794064933877,0.010797079161853244,0.011585016350178105,0.012645299146902916
700105153,0.011712382402400362,0.013965939697887621,0.005583494470636121,0.011804588788817277,0.011495191904450246,0.012586232273470286,0.006325709804234139,0.012668861407488009,0.011682415628719354,0.012203115832425544,0.012333231869436058,0.01196429385001528,0.010735691497334532,0.013198775009947315,0.012373711648833774,0.010929180864615964,0.01670317818664149,0.01142242855714419,0.011641741325188214,0.011503436681064478,0.006006972122505006,0.012218057143437707,0.012775920182926071,0.01090837095555645,0.011491932061420471,0.012425856990363773,0.0142931257203098
700015250c,0.009423819593516007,0.012024478158625965,0.011595180791522568,0.002295014750814801,0.00974385544924228,0.010480782557084609,0.009900681677277999,0.009721294275521559,0.009808495561299757,0.010018758015328021,0.010253972568426441,0.010176319605973936,0.007683624982195871,0.011049187676315408,0.010450081214525477,0.008210660807984028,0.014760254114386218,0.008103349599327634,0.009674845467518369,0.00955987470708885,0.01114978122806277,0.010681594175405222,0.011098901072453734,0.00877272871152283,0.009941132979194694,0.011017548759057777,0.012247436474840966
700035861,0.008891366739434392,0.010761323821818668,0.010501754253288908,0.009061350110519121,0.0012162162593727915,0.009276395857127804,0.008451758889837629,0.009388813560203216,0.00872067000267409,0.00894722453219812,0.0091065811334535,0.008844162118085716,0.007624125019865581,0.009988624373379848,0.009164456418272859,0.007874790956688436,0.013663409578496877,0.00782645557650613,0.008611015434557258,0.007972341171170539,0.009976861473582652,0.009407172736023726,0.009830777163587368,0.008006005990393594,0.008653350883793641,0.009801393899650164,0.011122334332999952
700122408,0.009796735627054852,0.012153359741389484,0.012153874035799692,0.010300399016661478,0.009812475127091328,0.002258678940871111,0.010461131955060116,0.010929730707004915,0.010091512612384584,0.010541403055285196,0.010471025037187588,0.010196043257179372,0.009472500131401327,0.011413951244407696,0.010864206858401766,0.00933952113551911,0.01459146156844533,0.00968607644769932,0.009955565377682465,0.009655507304355136,0.011692597781456506,0.010596037958209657,0.010747815514320604,0.00913146906233914,0.010053199296571473,0.011084096281031212,0.012403806672613545
700172726c,0.008890748258651512,0.011086773300168369,0.005750066859060651,0.00917010235057295,0.008424383070765876,0.009857702832144715,0.001908701131024741,0.0096253647758924,0.008981292997705406,0.009497405073759428,0.009576729809944574,0.00907853479161253,0.007971521164356829,0.010339788818103657,0.009395680550429742,0.007991355226904763,0.014015876150168338,0.008440090449651374,0.008752798959138174,0.008707858129151973,0.00525304537313599,0.009412924826414298,0.01004264621814636,0.008094629307717956,0.008739735576608369,0.009697852535037056,0.011369178177161732
700114218,0.009212872317036757,0.011762128839301082,0.01155572720663274,0.009025824973307594,0.009388495038871044,0.010321834080122686,0.009666550994221677,0.0034381540127691157,0.009390758556818014,0.009670690351527587,0.010106028962044742,0.009986609459786614,0.008011545337055372,0.010763175464349637,0.010238906422616384,0.00477722020759559,0.01480033730616342,0.008532477434961277,0.009297762143293257,0.009173228787756466,0.011159928992866105,0.010193245651741449,0.010918452600279885,0.008453678767205548,0.009595188163986228,0.01079024364120248,0.01191440599893612
700024086c,0.009346456400123009,0.011921199627025932,0.011655340935174651,0.009954651921264102,0.009515938049930565,0.0104283964731451,0.00983755784241981,0.010262763579475745,0.0014411737863705314,0.006672894853285012,0.01035474407192287,0.01007737174245635,0.008933471364099894,0.010711590914557704,0.006160226075458899,0.00872323090247097,0.01473118144862048,0.009589511480337569,0.009498353140770915,0.009495713472954678,0.011160656509268221,0.010422885831215596,0.011174631638986129,0.00884948775682338,0.009601019114122408,0.010893189309456305,0.012517384986220514
700015415,0.009105527932080582,0.011567784829726058,0.010984633289039343,0.009138004464077974,0.008811530878924497,0.00983891862276445,0.00940239533578656,0.009499198656562069,0.0060339108868541465,0.002701527060769385,0.009989723707022474,0.009489204818014787,0.008100798348871674,0.010092566804692327,0.0058406365230466535,0.008259692118084071,0.013994305239099402,0.00868619306350567,0.008619596762243659,0.009056095215837444,0.010367212940542178,0.010023824325880656,0.010291284131691513,0.008814820683648087,0.009110659029068395,0.010238076830290715,0.01224817148941882
700096380,0.009421254046948236,0.007032730646967952,0.01120735938408943,0.009478766619869258,0.009066956645423063,0.009854123632343894,0.009567718820898472,0.01005934339033614,0.00944613356319907,0.010089048196109769,0.0021912532153146487,0.009371988752576572,0.008691071188775773,0.010742868333253842,0.01001162065683498,0.008664368774057114,0.013849570095508495,0.008846889425097638,0.009353215937517976,0.009413521767702495,0.01067391391789829,0.009494576342678704,0.010086053885288555,0.008635501005154226,0.009015906225676868,0.010231145272994048,0.010808336847340791
700098561,0.008998044642028951,0.01109491050608787,0.010797662628624248,0.009337395112780431,0.0087340636344754,0.009509533724749558,0.009006982066702508,0.009870538201180072,0.009121051510685036,0.009542367434152169,0.0093048494595378,0.0011409953521637993,0.008340547116910341,0.01027593590282018,0.009557414860615664,0.008249754906953635,0.013267895837661471,0.008736074132940296,0.009013065808621231,0.008655887250325595,0.010312294188831318,0.00930568586292059,0.009756726536328702,0.00824267783918852,0.008810679040347191,0.009827744415779141,0.011356457393220562
700161945,0.008215509908266683,0.010954631232918772,0.010492943619189586,0.007647277072786894,0.008165793599236906,0.009591878378909204,0.00855093457103507,0.008582001329898174,0.008756435897007803,0.008803852258344761,0.009343342945629272,0.00904405394877215,0.0008700782772454263,0.009707633284753658,0.00935896026446095,0.0070259145124017906,0.013839637037064841,0.006625753260678702,0.008511761687177991,0.00819737029725184,0.00998270629420582,0.00957458629499193,0.010230200810013154,0.007207222893202314,0.008520641909355874,0.009759303259152351,0.011172531117578923
700105613,0.010110727364188169,0.012176667244012358,0.01183354290399828,0.010078932027513228,0.009804860173507582,0.010605631970457134,0.01019583972384592,0.010563797973252924,0.009643612835131444,0.01007153611855493,0.010584818425685382,0.01021110889014591,0.008910646074739325,0.0040666385869284494,0.010030488780363821,0.009205166799614369,0.014958012997944088,0.009429693017020341,0.009460360605298134,0.00967862164368652,0.01131392760988523,0.010642016232133171,0.011016887056883673,0.00944790468986003,0.010129461677309102,0.011154883344189834,0.012397686453350263
700014724,0.009608005572395628,0.011958966461421416,0.011720778354043185,0.010076532050003272,0.009524068984978769,0.010667378972880677,0.00979084114235108,0.010642319078907626,0.005859025200307396,0.006163921273206066,0.010457222350770396,0.01005198776699902,0.009074938029191137,0.010620884672093085,0.002757145181005546,0.009046781443178257,0.014928085712796491,0.009533404288671898,0.00954109606851875,0.009761351034497491,0.01130045223066833,0.010370898780632158,0.010997003006386674,0.009131190427107558,0.009690336181647262,0.010973593562945824,0.012359890998038164
700110812,0.007814728474804722,0.010476283997749015,0.01028761314164823,0.007873213672988306,0.008115245562788495,0.009102624054786582,0.008278765839273363,0.004935521189518503,0.008239868471799113,0.008694512664214069,0.008983843826598547,0.008610193206013474,0.006759561446934797,0.009674836500300677,0.008986593383273934,0.0012382357347063993,0.013574407752914524,0.007349240811804037,0.008116062196175404,0.007809470685772414,0.009888603135431913,0.008732664802406304,0.009533392817772558,0.007249866075969115,0.008309207672608942,0.009469582509891682,0.010641057969580049
700095486,0.014657235107168818,0.016323149840341392,0.015917621871535403,0.014310450125547616,0.014306101744191013,0.014400196566482984,0.014706837497609425,0.015491485800641197,0.014066477214162595,0.01491672942088823,0.014582491947430203,0.014076331113316253,0.013496079561608693,0.01593250553681556,0.0150228782750118,0.013757235771873329,0.00169910008966574,0.013860703301431531,0.014326661162663932,0.013983457377595066,0.015566487265870812,0.013950962563860272,0.014147137022687509,0.01404868536295406,0.012765763971159732,0.013668193643579995,0.016732315258440416
700033665,0.008966906503126622,0.011139026529452131,0.010993812691632965,0.00794158342585952,0.008271959877747074,0.009655270974627756,0.008923422300413302,0.009007129149139714,0.00925864309543414,0.00929724432958213,0.009385094910531805,0.009350741083899038,0.0065177269033425715,0.010124568876143216,0.009670293675195077,0.007520661273301385,0.014004659903062149,0.0011703513160453804,0.0091206847435529,0.008777616217968305,0.010459889502073449,0.00980304680756573,0.010545488631656209,0.007630272409874502,0.008934342641166446,0.00992088854424665,0.011394078773715968
700023113,0.0084120235016431,0.01130080243477889,0.01089169876405494,0.009224340167651446,0.008837276758901148,0.009663023539369844,0.009018369086514023,0.009537521821158171,0.008925912715634796,0.00900972853825615,0.009651506739880586,0.009362426081857151,0.008156442635519899,0.0098947040101073,0.009420474675719402,0.008069789559345755,0.014052035549608202,0.008866244269937186,0.0019703408621604647,0.008595214999837538,0.01035747015445233,0.009832921998377335,0.010151176882029428,0.008687838409605308,0.009186561080338652,0.010210755252484344,0.011512063552113944
700106170,0.007888826010974782,0.011143707889119293,0.010545556276736522,0.008910594721964106,0.007999018594381454,0.009178556904372873,0.00877742562710182,0.009207820201932405,0.008733915741899027,0.009232299938393702,0.009495813612433405,0.008787815684133341,0.007695298847763848,0.009895249898835895,0.009429117681813393,0.007594991971771024,0.013407144239369256,0.008355898234008258,0.00841001502861242,0.0013419851762241954,0.010084572356575179,0.00951160232730447,0.010019663312332163,0.007802781938815274,0.008396819773540292,0.009857456185520063,0.011429343995786632
700024789,0.011080830997292294,0.013191286800122022,0.00590276404863159,0.011166747684615612,0.010757303713318187,0.011911496330730442,0.005697639581780477,0.012040350490905858,0.011008399420194558,0.011404612243598044,0.011577600524925262,0.011254280041097351,0.010052938884885915,0.012447524379388307,0.01173809445821292,0.010337250927204228,0.016075276087023006,0.01068920320822053,0.010895340584886856,0.010843636170461928,0.004665850588068915,0.011611133785898444,0.012137519322982224,0.010077250976311038,0.010875009522701273,0.011729812013985394,0.013481574909059444
700099059,0.009810227576345013,0.011650663831242329,0.011778909154784016,0.010480318255354615,0.009936519843950687,0.010576327413413656,0.009980276500250386,0.01076953346227556,0.010073900003353745,0.010744222121379971,0.010082200282592942,0.009953870457034544,0.009440989341652712,0.0114627051728605,0.010542993339325398,0.008938588236400155,0.01411939955865091,0.009822025644617222,0.010113960391763828,0.00999650714665515,0.011382116667575276,0.0010304357587304447,0.010528170611577495,0.009146271620996358,0.009595957317555177,0.010954996202979095,0.011793129427843168
700105580c,0.010958935530023728,0.01282103977423311,0.01308480940876803,0.011559875500031987,0.011003531053748551,0.011386637803236349,0.011269917490710166,0.012236829891685385,0.011461106199107032,0.011641913759590686,0.011349335452698088,0.01104989712316762,0.010717047651198712,0.012550250653787896,0.011863825501979043,0.010353063292784074,0.015210722998788312,0.0112059207745276,0.011090970253217505,0.011160644795252877,0.012631697989483976,0.011179586478520562,0.0010382472824801473,0.010749582996496162,0.011094492619015768,0.012157040463403592,0.013073221846503415
700171441,0.007678032360506112,0.01020518505232645,0.009816553470578356,0.008031277936825705,0.007872877411409613,0.008521802870418437,0.008019915901943588,0.008320700999886644,0.00799964695796344,0.008819735517343549,0.008533376985964933,0.008211567539801061,0.00665219657575704,0.00948303908507101,0.008642630312743352,0.006898622912359442,0.013203450812341285,0.007136157263614655,0.00831907807236672,0.00765352690253537,0.009186224325304452,0.008535259007120946,0.009493344947579484,0.001129116909816438,0.008174774777801583,0.009004471466525358,0.010707356081056541
700100540c,0.008637063758480385,0.01075257297876268,0.010332852933974915,0.009092169832089077,0.008521311582483706,0.00937452086237227,0.00863442571050002,0.009458463906597415,0.008661778620759035,0.009102311272064902,0.008915380396198082,0.008778291828403853,0.007838639401602673,0.01014818597233184,0.009174210907167631,0.007917666698515406,0.011992606733971293,0.008352808197319726,0.008810559894337102,0.008225408900280867,0.009919495566663402,0.008958864875698722,0.009772885722190086,0.008152358282890192,0.001043983053969314,0.008398102714566879,0.010917993234764656
700013715,0.010287658830121893,0.012063248247284514,0.011642268525130178,0.0105084980014214,0.01008117937784106,0.010764834106708691,0.00999514230012578,0.011088852561210586,0.010240189024282734,0.01072134304884452,0.010570090455033262,0.010225445143633672,0.009368137862499295,0.011680906979445202,0.01085313009704345,0.009430486202464831,0.013440107923186695,0.009661946810471885,0.010226137948431422,0.010093440191836708,0.011168604203167216,0.010655439986283892,0.011146102305963242,0.009405709107751377,0.008774352664058632,0.0020402400769046684,0.012119108104723095
700024234,0.011257851650296859,0.012655779132645205,0.012910832309709805,0.01125586429500655,0.011000632027779268,0.011609856863852571,0.011289480347270273,0.011797781021464657,0.011359224355031436,0.012314046926985863,0.010739599393422842,0.011367203098842166,0.010332744453848304,0.012487900725645209,0.011768874172248787,0.010210245713067449,0.01581362761645331,0.010690909825427754,0.011096374559621076,0.01126211053388288,0.01235248435778607,0.011045829376088041,0.011566307099846795,0.01074253890376872,0.010976478633361484,0.011671566096826987,0.005670472235510808
