,700015181c,700038414,700095647,700098267,700100022,700105306,700106333,700114162,700172870
700015181c,0.001048950102899405,0.009190164258920826,0.0103844839007011,0.0008176861459177853,0.010453734702377761,0.008711324505880675,0.011798818641838843,0.01099791259277594,0.010960285392647998
700038414,0.00861820417487185,0.0014848195003151943,0.009844495983918431,0.008607576235778567,0.009886891440219439,0.008011122174803547,0.011339631690499619,0.010527208281539266,0.010675616042239681
700095647,0.010348748577198051,0.010477936021576284,0.0018538963762451052,0.010407686076285057,0.010647671518127077,0.009842470014199767,0.012307136984572416,0.011520024742671732,0.012326171163126974
700098267,0.0007830041790280794,0.008800626428518676,0.010011844868545451,0.0004140198170941467,0.010070449212693998,0.008221775074886218,0.011443284668028759,0.010630003201663093,0.010578868104958715
700100022,0.01004724391888107,0.010137658034078,0.010259061763898876,0.010094430316169559,0.0025008356342323007,0.009777268809941626,0.012133556951217865,0.011327909503345248,0.01203102960188504
700105306,0.00814942209431775,0.007977442489938367,0.00920942463872865,0.008020533446467238,0.009500629740543266,0.0007368510312659477,0.010905604319301779,0.010087807324514895,0.010289688550460032
700106333,0.011535853337090556,0.011837265226758795,0.01206692615213896,0.011672293933175459,0.012347860037663368,0.011415748115394708,0.0050650753598796006,0.004638843335316231,0.013682109806811909
700114162,0.010532291789215855,0.010767825919567327,0.011066770834351735,0.010618112967815183,0.01129037456108444,0.010347145783997735,0.00454115261718509,0.0033149111922045286,0.012594109175248992
700172870,0.010169110092911455,0.010586096077131296,0.011484982046916205,0.0102325230311051,0.011630676306105033,0.010231214955815313,0.013002839130847205,0.012224722729200051,0.0008399484404218017
