,700013588,700014498,700015250c,700023634c,700023872c,700024086c,700032222c,700037539c,700038472,700100312,700106836c,700106876c,700110812,700116730,700116778c,700164735,700165263c,700172813
700013588,0.002632310873491496,0.010093089433103076,0.011300649050188391,0.011710317824683077,0.01099639017655329,0.011801781688397111,0.010994905355688266,0.011550156336242215,0.01011841807524888,0.011074112292130976,0.011076793025406265,0.011542688873725884,0.010305852434040455,0.012074104141725212,0.01052105783463897,0.012343389565120497,0.01097690228740265,0.012071740335190092
700014498,0.010678278807035342,0.0007449657883076182,0.011175815540163617,0.012368462091408301,0.010935783250471653,0.011591657951146401,0.010099623326071937,0.01134034043551001,0.01004233996571784,0.01085556554614707,0.010934239386185337,0.011446499743884958,0.009954956057750309,0.011602066474556801,0.010606147330687347,0.011489149095770765,0.010526701995520017,0.007906536099728993
700015250c,0.011393662937819241,0.010691890575337136,0.003242093034450221,0.012921759801204781,0.011548000508109167,0.012491446348620266,0.011666656954839857,0.012264669843858399,0.010695038336890826,0.011156813507930416,0.011662291094296359,0.01214945948402441,0.01074283821966534,0.01258524969092254,0.011052068211738696,0.012542259060481674,0.011303342693323308,0.012491667373584087
700023634c,0.011554072476848556,0.011680734013160365,0.012728424352258981,0.005644079255144721,0.013992568646136317,0.014810853816038163,0.01532865631297352,0.013790167177079147,0.01257625350728631,0.012696349780869023,0.01186194132501605,0.015753367271433987,0.01110328494162446,0.017926873630997722,0.011333195812064406,0.01198722054334848,0.012780715053970052,0.01794260130283256
700023872c,0.011334544192948107,0.01071164762558076,0.011823527679762077,0.014352545376233096,0.004053381332749357,0.012445596987348708,0.011914371285067147,0.012220460686047414,0.01089451297224052,0.011529553860292134,0.004784693146907725,0.012189418985158788,0.010708386975903648,0.012408910205128404,0.011529950691045445,0.012700113527973842,0.011478316343755736,0.012790908981097911
700024086c,0.011915294626218419,0.01110892311435438,0.012528919205497563,0.014862025434594698,0.012207361725713437,0.007310579795431157,0.012128902762006365,0.008187822220595905,0.0112809660479447,0.009365855490025643,0.012274886882357615,0.011837267946586223,0.010791176732879462,0.012978844110135642,0.011480629729112969,0.013185366742710638,0.011687364760333966,0.013426965242492863
700032222c,0.010993960536195994,0.009608558656935535,0.01155230822484234,0.01556990034050516,0.011531969091587359,0.011986693270163544,0.002436497547236259,0.011351577435313145,0.009991740393886036,0.011319000148243153,0.011813749887269225,0.00934132572086381,0.008664347936754854,0.012138134502683022,0.01026197968588353,0.013127190743461463,0.010234442376228987,0.012001631442915862
700037539c,0.011877223891566063,0.011067130842917584,0.012543820867684142,0.014047706278555271,0.012207601265118868,0.008356747100422205,0.011695636304518975,0.007026094582718756,0.011224700912421446,0.009042631040265812,0.01225714654707293,0.011508714486917744,0.010757027597987774,0.012854626161408249,0.0114542006865403,0.013100793393682834,0.011707147974666302,0.013371627720157648
700038472,0.010956158594374337,0.010336690385930176,0.011489578096662218,0.013194364502831346,0.011432432911423339,0.012084230312312495,0.010796242827055247,0.011822577861258121,0.002952313840303029,0.01138331673535021,0.01133810979906517,0.011958357077038184,0.010440921772220432,0.012080079144338606,0.010814286553052055,0.012667609200639958,0.011424875075827238,0.012530431300368837
700100312,0.011082218069975806,0.010278399210160947,0.011020010500255967,0.012764085728086171,0.011162281870504923,0.009244021135075369,0.01131127972826809,0.008752000487933597,0.010481514919978457,0.001890973102829714,0.011260554303513625,0.01190432551958707,0.010127432546319757,0.011560431632628945,0.010830412650889167,0.012686560541560579,0.010674071368065178,0.011998457395235895
700106836c,0.011011057014451993,0.010346557466307268,0.011471938617866533,0.012034085444624398,0.004578249045613955,0.012016279330296123,0.011790435021015622,0.011795999270958145,0.010423688417135285,0.011192607145935628,0.0037805352811663435,0.01189685094535038,0.010628116543565975,0.011962902949381004,0.011227650293042197,0.012009559815949243,0.01108704761330203,0.01291463236028246
700106876c,0.012310366849486873,0.011604140993148158,0.01286821850311691,0.01654471660203943,0.01262534965174974,0.01252120597273753,0.009968636895695254,0.011948819035477681,0.011791586255904212,0.01271880715169071,0.012777291941797914,0.003299765128659752,0.01017185200474527,0.01321061839564069,0.011824135562298646,0.013909246158098023,0.012059597059613911,0.014037408284334649
700110812,0.010426924439051443,0.009543852036343137,0.010742257968440385,0.01119665589704372,0.01047149518579178,0.010757678653383576,0.008776580198586119,0.010525423242165956,0.009724942872197002,0.0102773759582673,0.010792616802679308,0.009629639192326154,0.005121468051006691,0.011657291466312194,0.01016917294201209,0.01176135983592843,0.00969389153766164,0.011518293832149792
700116730,0.01220037651054661,0.011146844387409718,0.012634548212897301,0.017823617467662912,0.012193865743842356,0.012992167703882455,0.012275906162254506,0.012638797909695462,0.011295569074372718,0.011706886159715012,0.012182053188527157,0.0125243629141783,0.011674242665417884,0.0034284610717766942,0.011786596992094606,0.013683642618616203,0.011975469008863189,0.014011844474258385
700116778c,0.011352048540898085,0.010881494785829674,0.011857766192324348,0.012273145539200739,0.012082346003047908,0.012296444378475399,0.011103614370637518,0.01204597337598904,0.010786433180429872,0.011725688951981793,0.012159830346940011,0.011970718115495034,0.010879277618475437,0.012600100587269056,0.0020095528395065528,0.012718138786807623,0.01170379930442015,0.013048959323341392
700164735,0.01229342599703423,0.010857861176118382,0.012343637720362573,0.011906091015746465,0.012261261877793648,0.012940794552399331,0.012953630113521469,0.0126427318308303,0.011665289226993503,0.012615340470036674,0.011990147079840833,0.012980202627314663,0.011533469970289178,0.013447208265854113,0.011698862840779846,0.005963756930728129,0.011929495747164636,0.012707904866080113
700165263c,0.011491274110391208,0.010475658971737533,0.01173763504878595,0.013212827959690435,0.011651597766887272,0.01211879250566271,0.010720268485173972,0.01191829144463374,0.01105080809410917,0.011203408939626269,0.0116639164667868,0.011833384475216592,0.010054845830814861,0.012409390682919037,0.011339094005384645,0.01258210103939935,0.0054564154673648,0.012606195146780038
700172813,0.01204807286982417,0.007481854449518484,0.012337147458587782,0.017972224780243816,0.0123647199995763,0.013241268628995582,0.011973828347032102,0.012969002386647678,0.01158233501944,0.011950277070664036,0.0129135443685012,0.013155718565984555,0.01136407708630025,0.013846781328449728,0.012037910176406456,0.012778211567818946,0.012002050607171104,0.004194655274393501
