,700013715,700015113c,700016000,700023872c,700024233,700024930,700034254,700038472,700106876c,700110155,700111296c,700112812c,700116778c,700117000,700117239,700117537,700117625,700123959,700161219,700165052,700165263c,700172813,700175181
700013715,0.0021576618344052974,0.013544199507582544,0.01533992211413732,0.008625194397993061,0.007409181920288932,0.017544533127250288,0.007145561999617484,0.007734269278949805,0.009267256083415783,0.007998846077870695,0.009271119009743254,0.01449147535736561,0.011254251418090486,0.006941617841265122,0.013999567765071512,0.006801521547600563,0.012670639630819689,0.015036392494999357,0.003886348193375551,0.006719370692768358,0.011161011813586749,0.010304422278911774,0.011769077734895817
700015113c,0.012514004058264387,0.004738575639721503,0.009825333677204222,0.01263658782416845,0.012388572719990663,0.015526718049105541,0.012106638474171344,0.012521467155046963,0.011749507164519125,0.010056321960990934,0.01429975571023551,0.0054858865553017305,0.010781007143933895,0.011224481686901929,0.00856211417571903,0.011271826517190137,0.009813911894697493,0.011677405404281587,0.012818186005640027,0.011021359339608046,0.01101378363129416,0.012936332767959096,0.012344616850344776
700016000,0.013903731604156703,0.00961894615813685,0.0025608778882789014,0.01410314863100162,0.013567086225617265,0.015542412969157768,0.013470232791085028,0.013366766381984892,0.012882907179170547,0.011045025231365923,0.01584294275884437,0.009284332786587574,0.011305401352190807,0.012700731541840326,0.008809336611054607,0.012749000492901218,0.010065712343052173,0.011782428680020813,0.014235090774754237,0.01249754415138849,0.011538837890645219,0.013926285931549568,0.01287857738212977
700023872c,0.0077182278098415075,0.011991995127580275,0.01370490369221758,0.0035978093930507673,0.006736139273671242,0.016085983281588726,0.006180018281717833,0.006854232883881285,0.00859018544183811,0.006700092013382204,0.00814501644031937,0.012957583256237228,0.009901566918000088,0.005318788658408041,0.013364316259470268,0.0052684615418790255,0.011222848282275988,0.013198420867704142,0.0077162409081139045,0.005129429449448822,0.009291239010921798,0.009300884802260299,0.010424012474913277
700024233,0.006635689744177164,0.011946441665697792,0.013318261642722515,0.006766755589237838,0.0023604193653252396,0.015574182498449758,0.004536760172724185,0.005043461846227558,0.006490158031105971,0.005582657154282707,0.006923520287138859,0.012929956441284363,0.008742973652843586,0.00425148327584339,0.012062068783742516,0.004074868695305068,0.010682451199563901,0.012946499391128104,0.006557686927373629,0.004039659915970027,0.009252177143942263,0.008133814495616773,0.009733109360873697
700024930,0.016108675451013726,0.015422010453548159,0.015756639312623357,0.016830885872042213,0.01608337928467405,0.008509677740140387,0.015867098938978415,0.015671367164012955,0.015712156644510786,0.013991041394762326,0.01798441877271163,0.015605502400626154,0.01555119806849169,0.01493705544676065,0.01455403107840182,0.015015008799574535,0.015481754897787879,0.017293450466645693,0.01651294881395242,0.014660432143049528,0.016172895611540086,0.017179012190845274,0.01699428747856292
700034254,0.006508458623911723,0.01184833554514023,0.013431643054577938,0.006306122586674033,0.004611911785316258,0.015612290249160653,0.001297690620505685,0.004850605495797046,0.006672996809218491,0.0033730101176845336,0.0067177012119699385,0.012904803010400912,0.00876088472157384,0.004007248082574068,0.012153817053078643,0.003874937194023217,0.010573965634397981,0.012325702376670349,0.006502757778471348,0.003817211036312709,0.008503062057152079,0.007953501725490529,0.00942091186254883
700038472,0.006891585385958152,0.011954916344030746,0.012968953706384172,0.006615787956724121,0.005008880448046188,0.0150373716001726,0.004716447455976586,0.0020801865343149746,0.0066698025011416055,0.005531323593384134,0.006881228117600344,0.012751729985881715,0.008783545688547664,0.004468507122552494,0.012628905354120446,0.004180191970935823,0.010207437310624925,0.012748177409003142,0.006742232801265443,0.004255726135848289,0.008013986817561134,0.007852502448758769,0.00910390610546084
700106876c,0.009024297264892744,0.012376843775306668,0.013835604950877843,0.009338603117710346,0.007061529126795372,0.016657839096160917,0.007137785187743628,0.0072837033005107655,0.0050319920296402225,0.007534964114376722,0.00948983952561778,0.013125304226214789,0.010431677055680207,0.0066103700198482,0.012500840262446586,0.006327432913825663,0.011684301659321904,0.013958881171405856,0.009313592615265197,0.006370115038411978,0.01067591700798124,0.010092723760305341,0.011358943756121958
700110155,0.008103734422530191,0.011015035855141913,0.01231451118693281,0.0075863704086796165,0.006309742817436054,0.015413519970271296,0.0037499255255464526,0.006264429375213021,0.007843578613060873,0.003979334788760803,0.008562545546816538,0.011695935942707203,0.00921706911164516,0.005789024295136806,0.011160583552443705,0.0056830164143034136,0.010100811572800008,0.01126442552255846,0.008228477121476896,0.005603359026448668,0.009067192210004576,0.009252325428198514,0.010166874438970488
700111296c,0.008476545454667691,0.014099961996763607,0.015934994252279074,0.008410419089121652,0.00709365402514965,0.017863090835953423,0.006759163926875926,0.007123478616602104,0.008914419189704299,0.00774461497094219,0.006719658554335016,0.01517785694266985,0.011244531964202978,0.006418133541845847,0.014592212173912737,0.0063652890445152184,0.0127270063814983,0.015471825092647131,0.008658062723628386,0.006226467708593855,0.011345415856962773,0.010384966820929554,0.011834560214123473
700112812c,0.013332742954746193,0.005467132490456148,0.009448462243920899,0.013577433905709781,0.013369724300143071,0.015662540887004795,0.013138199917609039,0.013303895808829347,0.012408793632290523,0.010636099899925299,0.015337164686849022,0.005052034851776652,0.011095376911958305,0.012122158683788924,0.008517338156519682,0.012216562028135081,0.010070480853072196,0.011823959833730368,0.013681588457755368,0.011907787356628152,0.011364977106281137,0.013577192026675983,0.012837069607827678
700116778c,0.010729975109105698,0.011166303560286925,0.011944336007069567,0.010703556756023316,0.009344930643125807,0.016178789866639055,0.009226596662780025,0.00946759744683417,0.010227131924484706,0.008680842715613873,0.011753794582812498,0.011537440267669048,0.008335102545485619,0.008784529947845943,0.010593503727598982,0.008769059425699027,0.010939768689491407,0.012998969997397478,0.01097067911729091,0.008577955691300388,0.010986182040974223,0.011521149588469962,0.012075431678513146
700117000,0.006675870956476494,0.011647535091876642,0.013429920070358148,0.0056825506800126145,0.0045586786293256056,0.015594110570337844,0.004226371187183552,0.004798860149910897,0.006524949052820462,0.005490742343230372,0.006738118775981481,0.012635069657008672,0.008830704236613723,0.0013099149892944486,0.012431597340810074,0.0011068973631842046,0.01045933847127377,0.01299980673398339,0.006817872468660353,0.001170176096142787,0.008497974241446462,0.008082928255300211,0.008940130203130638
700117239,0.01250135043243389,0.008233171825001719,0.008641864840951833,0.013193036583411083,0.01208781895646576,0.014115910304149965,0.011997158174379222,0.012763959548847584,0.01145233668112305,0.009866092810367055,0.014273589870654307,0.008223858961899035,0.009859908098116626,0.011562832584850495,0.0025989054133734217,0.011545591233302533,0.008681747139542584,0.010511787257459508,0.012845213858870427,0.011326235713620616,0.009931964223239423,0.01245771300142952,0.01195012142252689
700117537,0.00635797303949525,0.011371720499751986,0.013132871690406606,0.005512741672792033,0.004260969981289192,0.015247595309903408,0.003979847686289256,0.004396732349309303,0.006073369454517823,0.005248484844269432,0.006503458396964749,0.012373086686590647,0.0085736105049168,0.0010761918988520596,0.012119233754327951,0.0007092726795438814,0.010094543348969339,0.012649495444427105,0.006371281869470528,0.0008919241682876276,0.008307889696017659,0.0076646032449068854,0.008581560467834502
700117625,0.011333714912545678,0.009426239292734794,0.009865739389802326,0.011320484652131244,0.010675904228195882,0.014958048994119231,0.010406056005442234,0.01030908838105394,0.01069861220583052,0.008915414647788953,0.012417416322176609,0.00969859671523665,0.010163523922157235,0.009715609086951226,0.008663445077808784,0.009634390688692084,0.005765004224390234,0.011621746958607342,0.011448806535093843,0.009481379053713795,0.009718602482018258,0.01129043493734272,0.011755474706973853
700123959,0.013491159028497129,0.011322399178362605,0.011651724583928491,0.013475610333665606,0.013048352935543893,0.016870625721131245,0.012223468136180585,0.012992297033337217,0.012867209774459433,0.00998620674740467,0.015222939724863598,0.011504222676868233,0.012175829073468133,0.01215827864884835,0.010577992294979759,0.012153952367775833,0.01173101426104025,0.009798592137516356,0.013772192722149511,0.01193178197102301,0.012396505488746377,0.013841260055020788,0.013796386075884733
700161219,0.00369286227684956,0.013178975183369723,0.014957854076031264,0.00824960365298451,0.0069806398757716465,0.017081963276156926,0.006819359019711839,0.0072414885624760466,0.009102200807515537,0.007729504828488297,0.009009263527794886,0.014117430599917125,0.010924069111766592,0.006751346533475213,0.013728195688851409,0.006483387636402027,0.012204640592376128,0.014587662404734497,0.0016455196117278954,0.0065446423308592894,0.010724668254497407,0.010165427482323538,0.01140049151916747
700165052,0.006494733694694625,0.011492802753830788,0.013274449635226887,0.00552180720837364,0.004358079780929177,0.015395488948679288,0.0040477388046929585,0.004594897792156665,0.006316333417015571,0.005343860277231573,0.00657169051826117,0.012481311887458484,0.008672003041636785,0.0011709355849108718,0.012245754173751441,0.000922478910066505,0.010269195905140777,0.012818120843670544,0.0066373497236846225,0.000936708890581243,0.008403190971797717,0.007879758705848575,0.008802496852030326
700165263c,0.009921507975600952,0.01054492463780301,0.01125451490894111,0.009310564154933509,0.009179171769892067,0.01556843062907968,0.008321849551767407,0.007999018218857715,0.009730007072421332,0.00795498984833151,0.011023724377154825,0.010918278371021483,0.010156863703804317,0.007855247042695534,0.009845685746745193,0.007883773476497293,0.0096727755986991,0.012211492184102836,0.009995084359666912,0.007735665806998332,0.0037739493560446495,0.010853317227467747,0.011036335907932711
700172813,0.009622532942923019,0.013090701551180996,0.014363410197321168,0.009792695646768395,0.008510935314902643,0.017472597672235485,0.008195036996051548,0.008291017589650312,0.009682352427724271,0.008539407050082316,0.010633190622728815,0.013791056132714983,0.011279080765339322,0.007869975911898985,0.013079124773596223,0.007681986743523599,0.011857422652609003,0.01444011379868004,0.009979486417343926,0.0076332543626628545,0.01148620553042314,0.007210039269434803,0.011907130537071943
700175181,0.010517202675601769,0.01188237453678789,0.012642708541342324,0.010511185127165394,0.009737785627391301,0.016444928249649653,0.009273478962791518,0.009189391835543547,0.010412611504465976,0.00896787733287698,0.011547240670925081,0.012400716712862098,0.011233611607825955,0.008307070185053278,0.011934214473712165,0.008189522697949998,0.0117738410987951,0.01369492537347558,0.010706663853787272,0.008140093269494589,0.011116909614391981,0.011349876043077257,0.009315696604910946
